con
 Offsets:
qnt: 188
  167380
  166593
  144488
  144349
  144221
  144067
  166704
  166815
  143908
  166933
  167293
  166487
  143595
  143454
  143314
  167493
  167645
  167776
  143027
  168254
  142755
  144951
  165010
  145822
  165185
  145677
  145529
  165409
  145384
  145239
  145091
  168387
  144800
  165682
  165780
  165886
  166024
  166107
  166231
  166356
  144642
  171690
  170562
  141551
  170662
  170758
  141433
  170869
  171288
  171402
  171553
  170426
  172056
  172168
  172316
  172408
  172515
  172652
  173334
  173642
  173864
  169422
  168525
  168670
  168794
  168943
  142615
  142482
  169049
  169158
  142386
  164884
  169517
  169612
  141940
  169723
  141708
  169930
  170013
  170104
  170265
  157153
  151750
  151644
  151525
  155646
  155940
  156451
  156644
  156793
  151407
  151175
  155492
  157318
  151009
  157494
  150885
  150759
  150571
  150357
  157857
  149893
  154608
  153446
  153597
  153302
  153897
  153002
  152873
  154179
  154324
  152599
  158180
  154745
  152234
  154891
  155048
  152112
  155197
  155337
  151981
  151879
  146733
  162304
  147297
  147144
  162559
  162885
  146992
  163028
  163233
  163514
  147429
  146641
  163638
  163765
  163861
  163963
  146468
  164221
  164347
  164508
  160505
  149587
  149473
  158535
  158740
  159204
  148857
  159522
  159641
  160293
  180457
  160607
  148257
  148112
  147932
  161501
  161626
  161716
  161978
  147521
  177847
  175950
  174513
  179486
  179792
  178924
  174640
  174208
  179040
  174106
  173976
  174738
  178816
  175412
  176385
  179396
  178525
  176496
  177457
  176621
  177296
  176797
  180030
  176959
  178000
  180142

chegou aqui
conf
 Offsets:
qnt: 529
  122769
  81200
  83798
  123294
  122910
  84902
  84689
  122644
  84204
  84357
  122384
  84513
  123810
  80258
  81364
  81515
  81812
  81949
  82112
  82314
  82470
  123417
  82637
  82802
  82956
  123657
  123533
  83104
  83395
  83499
  88663
  120449
  87907
  134329
  120072
  88379
  88510
  119962
  119871
  119739
  87761
  88769
  119563
  89099
  89333
  119442
  89650
  89753
  89879
  121512
  85208
  122240
  133670
  85859
  121902
  86008
  86294
  121799
  86539
  85041
  86705
  86829
  86904
  121146
  120907
  120754
  134211
  87339
  74639
  128897
  128773
  74074
  128502
  128245
  131704
  128060
  128014
  127916
  128994
  127825
  127554
  75029
  75148
  75245
  127418
  75487
  127267
  75579
  129388
  66644
  130818
  71722
  130149
  71823
  129755
  129663
  72518
  72660
  75749
  72811
  129259
  72945
  73081
  73497
  73617
  73776
  129119
  124742
  78364
  132989
  133102
  78925
  79070
  79400
  79487
  79669
  79863
  132867
  124599
  124527
  80148
  118936
  124341
  80621
  124165
  123969
  80776
  76773
  75883
  76011
  127165
  127042
  126364
  132590
  76437
  126034
  76567
  81058
  76929
  125869
  125738
  125629
  77204
  125506
  77480
  132738
  101553
  100571
  100723
  137816
  100832
  100952
  101068
  137912
  101186
  101343
  137705
  141297
  101868
  108651
  102003
  102292
  102378
  138157
  102497
  108240
  110485
  98812
  98915
  99188
  111053
  110887
  110617
  99483
  99721
  99863
  102685
  110380
  137598
  110064
  100012
  109905
  109725
  109545
  100300
  109351
  106854
  138277
  105824
  139636
  138508
  106168
  139365
  106401
  139237
  106733
  105726
  139029
  107050
  107171
  138619
  107309
  107381
  138885
  138734
  107618
  104371
  102857
  103091
  141048
  103355
  140916
  140803
  103777
  104131
  140257
  111322
  140072
  104649
  108104
  104923
  105036
  105179
  105344
  139763
  105590
  115983
  117354
  93006
  117215
  117129
  135275
  116860
  135413
  116266
  93309
  135172
  115860
  115734
  115576
  93927
  135847
  94030
  115294
  136003
  94353
  118323
  119312
  90142
  90253
  90435
  90768
  107720
  118756
  118602
  134834
  94655
  91798
  118198
  118028
  92393
  92605
  92836
  134925
  135066
  92921
  97836
  113531
  97284
  97403
  113310
  112827
  112721
  97522
  112602
  112359
  113677
  112208
  112130
  111774
  98125
  98249
  137170
  98503
  98622
  98725
  114243
  114920
  94860
  94984
  114794
  95119
  114685
  114584
  114478
  136227
  90033
  95781
  114090
  95904
  96011
  96209
  113787
  96806
  96887
  34165
  31312
  31478
  31762
  32050
  32311
  33394
  33716
  33869
  31165
  34633
  34806
  34959
  35270
  35564
  35712
  35841
  35979
  29558
  27930
  28132
  28337
  28523
  28640
  28945
  29229
  29370
  36383
  29802
  29908
  30000
  30134
  30268
  30588
  30722
  44525
  41806
  42135
  42398
  42769
  42864
  42968
  43451
  44092
  41627
  44958
  45097
  45226
  45371
  45473
  45785
  46063
  38942
  36513
  36649
  36924
  37639
  37793
  37939
  38588
  38704
  27751
  39258
  39663
  39780
  39899
  40111
  40433
  40609
  13748
  14681
  14564
  14466
  14239
  17604
  17762
  17919
  13986
  17218
  18739
  18886
  19045
  19207
  19352
  19514
  19664
  15023
  15395
  15517
  15630
  15808
  15263
  15920
  16044
  15150
  19819
  14901
  14791
  16588
  16711
  16830
  16940
  17082
  26424
  24584
  25035
  25191
  25491
  25632
  25770
  25918
  26072
  24216
  26686
  26960
  27136
  27253
  27349
  27484
  27616
  21662
  19947
  20103
  20274
  13393
  20473
  20644
  21385
  21525
  42585
  21865
  22026
  22686
  22849
  23316
  23668
  24040
  64363
  62618
  62741
  63016
  63400
  55964
  63582
  63752
  64079
  55416
  55307
  56611
  64787
  54610
  65236
  54248
  65974
  53909
  53782
  53633
  53347
  53220
  58889
  60959
  60849
  61061
  60592
  61194
  60073
  61296
  59541
  61430
  61688
  46474
  58730
  58563
  58317
  58195
  62076
  57724
  62206
  57248
  57128
  62333
  48863
  49835
  68466
  68819
  68943
  49738
  69057
  49242
  69307
  69443
  49104
  69916
  66118
  48687
  48504
  48329
  70217
  47809
  47522
  70443
  70582
  70715
  46916
  70929
  50315
  66811
  66972
  66471
  51713
  52056
  67272
  51226
  52194
  66297
  67361
  52664
  53017
  67874
  68178
  50818
  50672
  50558
  50418

conf/
 Offsets:
qnt: 57
  13215
  2640
  8729
  12203
  1341
  1449
  12552
  12637
  1569
  2502
  12730
  2106
  1966
  13042
  1722
  9730
  5602
  5700
  6180
  10757
  6331
  10655
  10535
  6862
  10365
  7172
  10114
  9833
  2909
  7318
  7462
  9629
  9344
  7632
  7789
  7962
  8126
  8420
  8586
  9174
  8872
  4414
  11411
  4147
  4023
  11636
  5475
  4282
  11871
  4547
  4674
  2780
  5351
  12085
  4786
  3532
  3132

conf/a
 Offsets:
qnt: 1
  1111

conf/c
 Offsets:
qnt: 1
  762

conf/d
 Offsets:
qnt: 1
  626

conf/i
 Offsets:
qnt: 2
  832
  976

jou
 Offsets:
qnt: 99
  180316
  153150
  179305
  175637
  176255
  177767
  179622
  176130
  177687
  175734
  176050
  177572
  175870
  178150
  177074
  178299
  178448
  179921
  179159
  178688
  177180
  162413
  160388
  148402
  160768
  160885
  161032
  161178
  161276
  161412
  161837
  147753
  162125
  147594
  160170
  162749
  146806
  163357
  164092
  146303
  146158
  164619
  145967
  164760
  165303
  165532
  165602
  158014
  153734
  152718
  154040
  154469
  152458
  155790
  156101
  156253
  156972
  157664
  150463
  150188
  175548
  149997
  149782
  158366
  149228
  158945
  149044
  159361
  148741
  148580
  159777
  159918
  160050
  142239
  173160
  173014
  172914
  172777
  175062
  174982
  171810
  173502
  173760
  174306
  171062
  169833
  142064
  169257
  167057
  168118
  167962
  174412
  143167
  167877
  142880
  143747
  167159
  175210
  174869

jour
 Offsets:
qnt: 370
  137342
  130707
  131412
  131573
  137498
  135735
  135639
  136982
  136798
  136693
  93184
  136589
  131264
  136104
  136450
  131130
  130928
  136328
  133783
  140450
  133983
  134091
  133529
  133368
  133235
  134483
  141178
  134598
  134711
  140624
  135526
  139902
  139493
  139106
  132437
  132286
  132134
  131997
  138034
  131855
  55046
  51529
  51872
  52366
  52515
  52833
  53505
  54113
  54404
  54750
  54914
  51349
  55180
  55543
  55696
  55825
  56097
  56229
  56440
  56708
  56880
  48168
  44826
  45643
  45926
  46233
  46630
  46810
  47085
  47227
  47374
  47983
  57004
  48986
  49374
  49509
  49633
  49956
  50099
  50206
  50934
  51087
  67550
  64215
  64496
  64639
  64953
  65088
  65529
  65634
  65739
  65869
  67110
  63928
  67712
  68004
  68352
  68570
  68677
  69596
  69797
  70048
  70334
  59924
  57420
  57574
  57873
  57973
  58066
  59060
  59218
  59356
  59731
  44678
  60315
  60470
  60745
  61562
  61792
  61943
  62493
  62867
  63146
  26555
  22982
  23156
  23472
  23851
  24413
  24798
  24935
  25342
  26189
  26314
  22538
  26815
  28222
  28819
  29065
  29682
  30412
  30893
  31029
  31639
  18186
  13546
  13890
  14119
  14340
  16157
  16301
  16461
  17366
  17474
  18056
  31922
  18325
  18454
  18585
  20799
  20913
  21076
  21228
  22207
  22370
  41443
  38363
  38463
  38820
  39046
  39362
  39475
  40244
  40845
  41042
  41246
  38131
  41977
  42294
  43135
  43296
  43603
  43776
  43935
  44233
  44379
  34477
  32166
  32426
  32563
  32752
  32999
  33201
  33535
  34006
  34321
  130341
  35119
  35410
  36128
  36248
  36794
  37085
  37220
  37375
  37520
  111187
  107982
  108021
  108061
  108446
  108541
  108810
  109011
  109153
  110244
  110754
  107870
  111547
  111646
  111918
  112028
  112970
  113140
  113939
  114320
  115075
  104498
  100098
  100413
  101702
  102156
  103218
  103470
  103623
  103928
  104018
  104248
  115207
  104794
  105509
  105983
  106072
  106312
  106487
  106644
  106972
  107473
  126887
  123037
  123162
  124899
  125091
  125259
  125380
  126197
  126572
  126694
  126791
  122511
  127652
  128106
  128375
  128646
  129501
  129860
  130039
  130248
  130524
  118460
  115431
  116130
  116483
  116593
  116764
  116958
  117535
  117695
  117800
  71013
  119039
  119230
  120197
  120297
  120602
  121024
  121283
  121619
  122089
  80059
  77627
  77779
  77919
  78071
  78223
  78598
  78761
  79217
  79758
  79970
  77337
  80383
  80493
  80900
  81657
  83260
  83646
  83928
  84033
  84792
  73892
  70815
  71150
  71254
  71421
  71617
  72039
  72199
  72370
  73218
  73337
  99569
  74219
  74374
  74529
  74750
  74869
  75383
  76172
  76316
  77062
  95542
  92261
  93091
  93418
  93608
  93769
  94202
  94501
  95277
  95378
  85576
  96390
  96648
  97011
  97146
  97669
  97998
  98368
  99046
  99303
  91951
  85416
  85692
  86157
  86424
  87153
  87559
  88053
  88207
  88974
  89451
  89214
  92109
  91589
  91388
  91254
  91104
  90923
  90624

journ
 Offsets:
qnt: 33
  8255
  6998
  6723
  6592
  6456
  6012
  5854
  5216
  5080
  4934
  3884
  3712
  3344
  2351
  2226
  1862
  1230
  9510
  12922
  12832
  12435
  12314
  11980
  11741
  11525
  11291
  11154
  11056
  10955
  10860
  10256
  9935
  9003

journa
 Offsets:
qnt: 4
  188
  352
  484
  0

